Phrase: 0
[0.01630485 0.01634916 0.01631859 0.01658469 0.01663772 0.01699467
 0.02064814 0.0165037  0.01699956 0.01701977 0.01656104 0.01991873
 0.01717518 0.01633719 0.02058522 0.01779225 0.01974619 0.01685642
 0.0199766  0.01639275 0.01656258 0.01678133 0.01649069 0.01942839
 0.02000545 0.01998832 0.01697406 0.01711395 0.01689745 0.01684671
 0.01621353 0.0204618  0.02011821 0.01993178 0.01912858 0.02016043
 0.01763919 0.01720087 0.01688112 0.01680423 0.02009828 0.01743543
 0.01685235 0.01645429 0.02015663 0.01758576 0.01646445 0.01662208
 0.01676725 0.01676395 0.0197675  0.01652841 0.01624716 0.020458
 0.02088661 0.01758077]
Phrase: 1
[0.01552941 0.01559342 0.01554402 0.01594582 0.01602466 0.01655775
 0.02213238 0.01582043 0.01656377 0.01659515 0.01590875 0.02093651
 0.01682871 0.01557814 0.02202401 0.01777356 0.02065344 0.01634108
 0.02102132 0.01565761 0.0159141  0.0162368  0.01580452 0.02014252
 0.02107398 0.02103616 0.01652589 0.01674005 0.01641055 0.01633502
 0.01539522 0.02181566 0.02126031 0.02095458 0.01967193 0.02131851
 0.01753679 0.01686242 0.01639097 0.01626497 0.02123114 0.01722194
 0.01634419 0.0157505  0.02131701 0.01745385 0.01576591 0.01599821
 0.01621306 0.01621174 0.02068459 0.01586116 0.01544451 0.02181446
 0.022529   0.01743784]
Phrase: 2
[0.01476071 0.01484212 0.01477627 0.01530161 0.01540345 0.01610023
 0.023681   0.0151345  0.01610737 0.01614921 0.01525133 0.02196688
 0.01645737 0.01482427 0.0235207  0.01772057 0.02156266 0.01581011
 0.02208158 0.01492535 0.01526008 0.01567808 0.01511618 0.02084413
 0.02215906 0.02209882 0.01605747 0.01634218 0.01590654 0.01580794
 0.01458852 0.02321844 0.02242699 0.02199011 0.02019284 0.02250279
 0.01740119 0.01649851 0.01588362 0.01571179 0.02238739 0.01697785
 0.01581996 0.0150463  0.02250358 0.01728951 0.0150666  0.01536739
 0.01564657 0.01564645 0.02160417 0.01519085 0.01465185 0.02321875
 0.02425748 0.01726268]
Phrase: 3
[0.01400243 0.01409919 0.01401877 0.01465456 0.01477721 0.01562464
 0.02528909 0.01444983 0.01563283 0.01568442 0.01459231 0.02300332
 0.01606268 0.01407909 0.02507063 0.01763322 0.02246827 0.01526636
 0.02315041 0.01419932 0.01460417 0.01510885 0.01442936 0.02152832
 0.02325491 0.02317023 0.01557171 0.0159225  0.01538774 0.01526783
 0.01379685 0.02466369 0.02361193 0.02303214 0.02068725 0.02370693
 0.01723288 0.01611081 0.01536175 0.01514761 0.02356095 0.01670446
 0.01528248 0.01434531 0.02371025 0.01709322 0.01436997 0.01473242
 0.01507022 0.01507121 0.02252093 0.01452025 0.01387249 0.02466572
 0.02606823 0.01705585]
Phrase: 4
[0.01325671 0.01336685 0.01327368 0.01400701 0.01414831 0.01513303
 0.02695322 0.01376873 0.01514218 0.01520281 0.01393406 0.02404119
 0.01564638 0.01334483 0.02667009 0.01751158 0.02336575 0.01471206
 0.02422313 0.01348178 0.0139487  0.0145314  0.01374641 0.02219109
 0.02435686 0.0242457  0.01507069 0.01548284 0.01485635 0.01471694
 0.01302221 0.02614731 0.02481049 0.02407598 0.02115192 0.02492628
 0.01703241 0.01570105 0.01482757 0.01457472 0.02474717 0.01640293
 0.01473398 0.01364982 0.0249324  0.01686571 0.01367835 0.01409566
 0.01448631 0.01448833 0.02343028 0.01385171 0.0131085  0.02615127
 0.02795902 0.01681813]
Phrase: 5
[0.01252524 0.01264684 0.01254269 0.01336097 0.01351876 0.01462733
 0.02867054 0.01309317 0.01463736 0.01470628 0.01327856 0.02507633
 0.01521019 0.01262319 0.02831592 0.01735596 0.02425109 0.01414927
 0.0252956  0.01277455 0.01329568 0.01394778 0.01306926 0.02282898
 0.02546075 0.02532107 0.01455639 0.01502499 0.01431435 0.01415727
 0.0122661  0.02766575 0.02601855 0.0251175  0.02158409 0.02615677
 0.01680052 0.0152709  0.01428308 0.01399517 0.02594193 0.01607448
 0.01417648 0.01296173 0.02616593 0.01660785 0.01299362 0.01345914
 0.01389688 0.01389984 0.02432822 0.01318718 0.01236142 0.02767184
 0.02992827 0.01655046]
Phrase: 6
[0.01181022 0.01194144 0.01182801 0.01271901 0.01289116 0.01411003
 0.03043625 0.01242561 0.01412084 0.01419728 0.01262835 0.02610363
 0.01475636 0.01191645 0.03000317 0.01716711 0.02511951 0.01358055
 0.02636261 0.01207997 0.01264765 0.0133606  0.01240037 0.02343807
 0.02656133 0.02639114 0.01403128 0.01455129 0.01376431 0.01359142
 0.01153054 0.02921377 0.02723078 0.02615156 0.02198088 0.02739301
 0.01653843 0.0148226  0.01373083 0.01341154 0.02713989 0.01572088
 0.01361257 0.01228346 0.02740548 0.01632101 0.01231825 0.01282542
 0.01330453 0.01330835 0.02520993 0.01252919 0.01163338 0.02922221
 0.03197215 0.01625426]
Phrase: 7
[0.01111358 0.01125267 0.01113158 0.0120835  0.01226792 0.01358359
 0.0322456  0.01176832 0.01359509 0.01367828 0.01198579 0.02711826
 0.01428722 0.01122662 0.03172689 0.0169461  0.0259666  0.01300843
 0.02741927 0.01140013 0.01200696 0.01277234 0.01174201 0.02401493
 0.02765366 0.02745102 0.01349786 0.01406413 0.01320874 0.01302189
 0.01081726 0.03078624 0.02844205 0.02717332 0.02233985 0.02862987
 0.01624763 0.01435847 0.01317334 0.01282636 0.02833595 0.01534409
 0.01304474 0.01161724 0.02864592 0.0160068  0.01165445 0.01219691
 0.01271177 0.01271636 0.02607096 0.01188004 0.01092615 0.03079727
 0.0340868  0.01593119]
Phrase: 8
[0.0104369  0.0105822  0.01045498 0.01145655 0.01165124 0.0130504
 0.03409401 0.01112329 0.01306251 0.01315167 0.01135293 0.02811575
 0.01380509 0.01055534 0.03348236 0.01669423 0.02678834 0.01243525
 0.02846102 0.01073682 0.0113757  0.01218533 0.01109614 0.02455654
 0.0287331  0.02849612 0.01295851 0.01356585 0.01265001 0.01245104
 0.01012758 0.03237829 0.02964759 0.02817832 0.02265904 0.02986253
 0.01592977 0.01388082 0.01261297 0.01224194 0.02952535 0.01494612
 0.01247537 0.01096495 0.02988241 0.015667   0.01100415 0.01157577
 0.01212089 0.01212616 0.02690725 0.01124176 0.01024117 0.03239211
 0.03626847 0.01558306]
Phrase: 9
[0.00978167 0.00993163 0.00979973 0.01084026 0.01104329 0.01251294
 0.03597647 0.01049244 0.01252555 0.0126199  0.01073185 0.0290917
 0.01331243 0.00990422 0.03526447 0.01641311 0.02758085 0.01186342
 0.02948334 0.01009173 0.01075594 0.01160191 0.01046468 0.02506013
 0.02979505 0.02952193 0.0124157  0.01305893 0.01209054 0.01188127
 0.00946277 0.03398469 0.0308425  0.0291621  0.02293677 0.03108605
 0.01558678 0.01339209 0.01205215 0.01166065 0.03070323 0.01452924
 0.01190685 0.01032844 0.03111002 0.01530362 0.0103692  0.01096415
 0.01153423 0.0115401  0.02771485 0.01061637 0.00957979 0.03400156
 0.03851283 0.01521194]
Phrase: 10
[0.00914935 0.00930253 0.00916728 0.01023674 0.01044625 0.01197376
 0.03788741 0.0098777  0.01198679 0.01208556 0.01012457 0.0300417
 0.01281183 0.00927479 0.0370676  0.01610465 0.02834036 0.01129539
 0.03048167 0.00946655 0.01014972 0.01102447 0.00984954 0.02552322
 0.03083484 0.03052387 0.01187198 0.01254596 0.01153285 0.01131503
 0.00882402 0.03559992 0.0320218  0.03012024 0.02317177 0.03229539
 0.01522086 0.01289489 0.01149338 0.01108488 0.03186464 0.01409591
 0.01134165 0.00970955 0.03232369 0.01491897 0.00975148 0.01036421
 0.01095414 0.01096053 0.02848996 0.01000584 0.00894332 0.03562003
 0.0408148  0.01482015]
Phrase: 11
[0.0085411  0.00869616 0.00855881 0.00964783 0.00986208 0.01143531
 0.03982148 0.00928071 0.01144868 0.01155112 0.00953291 0.03096178
 0.01230583 0.0086683  0.03888642 0.01577094 0.02906358 0.01073343
 0.03145191 0.00886266 0.00955886 0.01045519 0.00925235 0.02594382
 0.03184822 0.03149782 0.01132977 0.01202947 0.01097928 0.01075462
 0.00821223 0.03721864 0.03318089 0.03104877 0.0233632  0.03348587
 0.01483433 0.01239176 0.01093898 0.01051685 0.03300504 0.01364865
 0.01078206 0.00910981 0.03351873 0.01451541 0.00915254 0.00977785
 0.0103828  0.01038962 0.02922921 0.00941189 0.00833273 0.03724225
 0.0431694  0.01441009]
Phrase: 12
[0.00795786 0.00811359 0.00797526 0.00907521 0.00929256 0.01089994
 0.0417733  0.00870293 0.01091356 0.01101894 0.00895844 0.0318483
 0.01179695 0.00808579 0.04071552 0.01541427 0.02974759 0.0101797
 0.03239024 0.00828123 0.00898498 0.00989612 0.00867456 0.02632031
 0.03283127 0.03243996 0.01079141 0.01151192 0.01043205 0.01020218
 0.00762807 0.03883569 0.03431541 0.03194398 0.02351062 0.03465306
 0.01442965 0.01188521 0.01039118 0.00995861 0.03412009 0.01319
 0.01023025 0.00853058 0.03469072 0.01409544 0.00857377 0.00920682
 0.00982221 0.00982939 0.02992963 0.00883608 0.00774881 0.038863
 0.04557148 0.01398426]
Phrase: 13
[0.00740037 0.00755567 0.00741739 0.00852036 0.0087393  0.0103699
 0.04373755 0.00814562 0.0103837  0.01049132 0.00840261 0.03269798
 0.01128763 0.0075281  0.04254969 0.01503705 0.03038988 0.00963619
 0.0332932  0.00772326 0.00842951 0.00934916 0.00811739 0.02665155
 0.03378038 0.03334682 0.01025911 0.01099571 0.00989327 0.00965974
 0.007072   0.04044602 0.03542132 0.03280259 0.02361404 0.03579281
 0.01400934 0.01137772 0.00985206 0.0094121  0.03520581 0.01272256
 0.00968824 0.00797301 0.03583547 0.01366163 0.00801634 0.00865266
 0.00927424 0.00928171 0.03058861 0.00827973 0.00719212 0.04047726
 0.04801586 0.01354523]
Phrase: 14
[0.00686914 0.00702303 0.00688571 0.00798457 0.00820371 0.0098473
 0.04570905 0.00760982 0.0098612  0.0099704  0.00786662 0.03350794
 0.01078024 0.00699585 0.04438386 0.0146418  0.03098833 0.00910475
 0.03415774 0.00718949 0.00789369 0.00881601 0.0075819  0.02693681
 0.03469232 0.03421533 0.00973494 0.01048314 0.00936488 0.00912914
 0.00654428 0.04204485 0.03649492 0.03362167 0.02367383 0.03690135
 0.01357601 0.01087166 0.00932356 0.00887905 0.03625858 0.01224888
 0.0091579  0.00743803 0.03694921 0.01321656 0.00748122 0.00811675
 0.00874057 0.00874825 0.03120402 0.007744   0.00666301 0.04208023
 0.05049732 0.01309561]
Phrase: 15
[0.00636448 0.00651611 0.00638056 0.0074689  0.00768698 0.00933408
 0.04768283 0.00709639 0.00934801 0.00945817 0.00735146 0.0342757
 0.01027698 0.00648944 0.04621316 0.01423109 0.03154127 0.00858702
 0.03498119 0.00668048 0.00737852 0.0082982  0.0070689  0.02717576
 0.0355643  0.03504281 0.0092208  0.00997634 0.00884864 0.00861205
 0.00604496 0.04362764 0.03753288 0.03439872 0.02369075 0.03797524
 0.01313222 0.01036928 0.00880741 0.00836099 0.03727512 0.01177145
 0.00864089 0.00692637 0.0380285  0.01276281 0.00696917 0.00760023
 0.00822267 0.00823051 0.03177409 0.00722979 0.00616164 0.04366734
 0.05301074 0.01263796]
Phrase: 16
[0.00588646 0.00603507 0.005902   0.00697417 0.00719005 0.00883197
 0.04965435 0.00660587 0.00884586 0.00895638 0.00685788 0.03499933
 0.00977989 0.00600903 0.04803321 0.01380747 0.03204753 0.00808441
 0.03576142 0.00619651 0.00688476 0.00779697 0.00657893 0.02736851
 0.036394   0.03582711 0.00871836 0.00947724 0.00834607 0.00810987
 0.00557386 0.04519035 0.03853241 0.03513176 0.02366588 0.03901159
 0.0126805  0.00987262 0.00830511 0.00785924 0.03825271 0.01129264
 0.00813865 0.00643848 0.03907042 0.01230286 0.00648067 0.00710399
 0.00772177 0.0077297  0.03229758 0.00673779 0.00568791 0.04523462
 0.05555142 0.01217476]
Phrase: 17
[0.00543495 0.00557992 0.00544992 0.006501   0.00671367 0.00834249
 0.05161931 0.00613868 0.00835629 0.00846664 0.00638643 0.03567724
 0.00929085 0.0055546  0.04983988 0.01337348 0.03250633 0.00759812
 0.03649666 0.0057377  0.00641299 0.00731342 0.00611239 0.02751553
 0.03717952 0.03656646 0.00822913 0.00898765 0.0078585  0.00762384
 0.0051306  0.04672928 0.03949109 0.0358192  0.02360061 0.04000787
 0.01222331 0.0093836  0.007818   0.00737488 0.03918898 0.01081471
 0.00765241 0.00597466 0.04007241 0.01183913 0.00601603 0.00662871
 0.00723891 0.00724688 0.03277365 0.00626845 0.00524155 0.04677827
 0.05811479 0.0117084 ]
Phrase: 18
[0.00500979 0.00515056 0.00502415 0.00604991 0.00625848 0.00786712
 0.0535733  0.00569509 0.00788076 0.00799043 0.00593755 0.03630815
 0.00881168 0.00512605 0.05162903 0.01293172 0.03291718 0.00712927
 0.03718544 0.00530408 0.00596367 0.00684851 0.00566954 0.0276176
 0.0379192  0.03725937 0.00775451 0.00850925 0.00738718 0.00715508
 0.00471479 0.04824072 0.04040672 0.0364597  0.0234966  0.04096177
 0.01176312 0.00890406 0.00734728 0.00690894 0.04008179 0.01033987
 0.00718333 0.00553507 0.04103216 0.01137405 0.00557547 0.006175
 0.00677502 0.00678298 0.03320176 0.00582216 0.00482222 0.04829464
 0.06069591 0.01124128]
Phrase: 19
[0.00461052 0.00474666 0.00462426 0.00562115 0.00582485 0.007407
 0.0555126  0.00527513 0.00742045 0.007529   0.00551142 0.03689131
 0.00834389 0.00472301 0.0533971  0.01248462 0.03328008 0.00667869
 0.03782681 0.00489542 0.00553698 0.00640294 0.00525038 0.02767586
 0.03861192 0.03790486 0.00729562 0.00804348 0.00693306 0.00670444
 0.00432577 0.04972164 0.04127764 0.0370525  0.02335575 0.04187154
 0.0113022  0.00843555 0.0068939  0.00646211 0.04092957 0.00987013
 0.00673225 0.00511966 0.04194792 0.01090981 0.00515894 0.00574318
 0.00633075 0.00633866 0.03358182 0.00539903 0.00442938 0.04978064
 0.06329061 0.0107756 ]
Phrase: 20
[0.00423656 0.00436772 0.00424967 0.00521476 0.00541296 0.0069631
 0.05743391 0.00487865 0.0069763  0.00708333 0.00510803 0.03742635
 0.00788883 0.004345   0.05514105 0.01203449 0.03359538 0.00624699
 0.03842023 0.00451131 0.00513295 0.00597717 0.00485477 0.02769171
 0.03925702 0.03850242 0.00685335 0.00759154 0.00649688 0.00627255
 0.00396275 0.05116945 0.0421027  0.03759718 0.02318015 0.04273588
 0.0108427  0.00797944 0.00645857 0.00603491 0.04173121 0.00940727
 0.00629982 0.00472816 0.04281833 0.01044848 0.0047662  0.00533336
 0.00590654 0.00591436 0.03391416 0.00499897 0.00406229 0.0512337
 0.06589501 0.01031337]
Phrase: 21
[0.00388721 0.00401312 0.00389968 0.00483064 0.0050228  0.00653617
 0.05933433 0.00450533 0.00654909 0.00665424 0.0047272  0.0379133
 0.0074476  0.00399136 0.05685822 0.01158352 0.03386379 0.00583461
 0.03896558 0.00415122 0.00475139 0.00557151 0.00448235 0.02766681
 0.03985418 0.03905187 0.00642843 0.00715445 0.00607918 0.00585985
 0.00362487 0.05258196 0.04288107 0.03809376 0.02297202 0.04355391
 0.01038658 0.00753689 0.00604183 0.00562767 0.04248594 0.00895294
 0.0058865  0.00436018 0.04364253 0.00999193 0.00439688 0.0049455
 0.00550265 0.00551034 0.0341994  0.00462174 0.00372015 0.05265162
 0.0685057  0.00985644]
Phrase: 22
[0.00356164 0.00368212 0.00357347 0.00446851 0.00465419 0.00612678
 0.06121128 0.00415472 0.00613939 0.00624233 0.0043686  0.03835251
 0.00702116 0.00366133 0.05854628 0.01113376 0.03408627 0.00544177
 0.03946301 0.0038145  0.004392   0.00518606 0.00413268 0.027603
 0.04040344 0.03955339 0.00602136 0.00673304 0.00568033 0.00546659
 0.00331112 0.05395738 0.04361229 0.03854255 0.02273371 0.04432508
 0.00993563 0.00710886 0.00564403 0.00524051 0.04319342 0.00850854
 0.00549254 0.00401517 0.04441994 0.00954188 0.00405047 0.00457939
 0.00511916 0.00512669 0.03443848 0.00426696 0.00340203 0.05403256
 0.07111951 0.0094065 ]
Phrase: 23
[0.00325896 0.00337388 0.00327015 0.00412797 0.00430683 0.00573531
 0.06306271 0.00382624 0.00574758 0.00584805 0.00403177 0.03874461
 0.00661023 0.00335408 0.06020338 0.01068706 0.03426407 0.00506855
 0.03991302 0.00350038 0.00405434 0.00482079 0.00380517 0.02750232
 0.04090519 0.04000746 0.00563248 0.00632792 0.00530051 0.00509287
 0.00302047 0.05529427 0.04429638 0.03894415 0.02246761 0.04504922
 0.00949148 0.00669612 0.00526532 0.00487343 0.04385361 0.00807533
 0.00511806 0.00369249 0.04515043 0.00909984 0.00372634 0.00423468
 0.00475599 0.00476334 0.03463259 0.00393412 0.00310693 0.05537518
 0.07373372 0.00896502]
Phrase: 24
[0.00297817 0.00308747 0.00298873 0.00380849 0.00398029 0.00536197
 0.06488679 0.00351921 0.00537387 0.00547165 0.00371615 0.03909054
 0.00621537 0.00306867 0.061828   0.01024513 0.03439862 0.00471488
 0.04031643 0.003208   0.00373784 0.0044755  0.00349911 0.02736685
 0.04136007 0.04041484 0.00526196 0.00593956 0.00493974 0.00473861
 0.00275179 0.05659165 0.04493347 0.03929951 0.02217615 0.0457265
 0.00905555 0.00629925 0.00490573 0.00452624 0.04446682 0.00765435
 0.004763   0.00339139 0.04583403 0.00866715 0.00342374 0.0039109
 0.00441292 0.00442007 0.03478312 0.00362259 0.00283378 0.05667834
 0.07634605 0.00853331]
Phrase: 25
[0.00271825 0.00282194 0.00272821 0.00350945 0.00367402 0.00500681
 0.06668216 0.00323288 0.00501833 0.00511323 0.00342105 0.03939146
 0.00583697 0.00280413 0.06341901 0.0098095  0.03449158 0.00438053
 0.04067422 0.00293646 0.00344184 0.00414987 0.00321375 0.02719883
 0.04176898 0.04077657 0.00490982 0.00556822 0.00459791 0.00440362
 0.00250396 0.05784882 0.04552413 0.03960972 0.02186177 0.04635734
 0.00862911 0.00591868 0.00456512 0.00419867 0.04503358 0.00724647
 0.00442716 0.00311104 0.04647124 0.00824497 0.00314188 0.00360746
 0.0040896  0.00409653 0.0348917  0.00333166 0.0025815  0.05794144
 0.07895444 0.00811247]
